ISS (ZARYA)             
1 25544U 98067A   25102.96313624  .00014417  00000+0  26474-3 0  9996
2 25544  51.6376 270.0808 0005289  36.9832 101.1485 15.49490188505043
CSS (TIANHE)            
1 48274U 21035A   25102.92261969  .00023533  00000+0  27136-3 0  9997
2 48274  41.4649  57.7997 0002557 146.8876 213.2123 15.61381133225957
ISS (NAUKA)             
1 49044U 21066A   25102.87391867  .00016870  00000+0  30832-3 0  9995
2 49044  51.6360 270.5243 0005071  34.6515 325.4803 15.49489682210918
FREGAT DEB              
1 49271U 11037PF  25102.26537409  .00001396  00000+0  36065-2 0  9991
2 49271  51.6241 200.1345 0876315  49.8389 317.5935 12.28323888171805
CSS (WENTIAN)           
1 53239U 22085A   25102.92261969  .00023533  00000+0  27136-3 0  9990
2 53239  41.4649  57.7997 0002557 146.8876 213.2123 15.61381133225404
CSS (MENGTIAN)          
1 54216U 22143A   25102.92261969  .00023533  00000+0  27136-3 0  9991
2 54216  41.4649  57.7997 0002557 146.8876 213.2123 15.61381133139628
SOYUZ-MS 26             
1 61043U 24162A   25102.87391867  .00016870  00000+0  30832-3 0  9998
2 61043  51.6360 270.5243 0005071  34.6515 325.4803 15.49489682504827
SHENZHOU-19 (SZ-19)     
1 61683U 24194A   25102.92261969  .00023533  00000+0  27136-3 0  9995
2 61683  41.4649  57.7997 0002557 146.8876 213.2123 15.61381133225709
TIANZHOU-8              
1 61983U 24211A   25102.92261969  .00023533  00000+0  27136-3 0  9998
2 61983  41.4649  57.7997 0002557 146.8876 213.2123 15.61381133 16294
PROGRESS-MS 29          
1 62030U 24215A   25102.87391867  .00016870  00000+0  30832-3 0  9994
2 62030  51.6360 270.5243 0005071  34.6515 325.4803 15.49489682 21851
PROGRESS-MS 30          
1 63129U 25041B   25102.87391867  .00016870  00000+0  30832-3 0  9992
2 63129  51.6360 270.5243 0005071  34.6515 325.4803 15.49489682  5820
CREW DRAGON 10          
1 63204U 25049A   25102.87391867  .00016870  00000+0  30832-3 0  9994
2 63204  51.6360 270.5243 0005071  34.6515 325.4803 15.49489682  4137
SOYUZ-MS 27             
1 63520U 25072A   25102.87391867  .00016870  00000+0  30832-3 0  9991
2 63520  51.6360 270.5243 0005071  34.6515 325.4803 15.49489682   505
